5997642110158
033200011309
0080618411054
0048001213487
9300675020404
0076351102199
6111031002230
0078742089454
8852388000613
0000050213085
0088110955328
3415581534146
0057000613280
0041498186067
7501059224834
0041520000330
0071301047377
8699273380777
8690530001336
0030100322924
0074090515157
8901246001672
9300830007394
0760695010516
0030878326025
0620221200098
0076543700011
7501001130657
0089826001422
0012000030291
7506129405465
0051000146557
3068320084602
7501011800243
0778313025385
3355991000230
5942220000437
3607342020887
5050384119497
8901796000026
019800201333
036000216066
0088969531124
0026229420702
0025932637957
0063211011814
0622356530347
3092718586751
0686114201061
0067800002061
9421013441467